<?xml version="1.0"?>
<opencv_storage>
<calibration_Time>"tis  1 mar 2016 15:29:19"</calibration_Time>
<nrOfFrames>20</nrOfFrames>
<image_Width>752</image_Width>
<image_Height>480</image_Height>
<board_Width>4</board_Width>
<board_Height>11</board_Height>
<square_Size>50.</square_Size>
<FixAspectRatio>1.</FixAspectRatio>
<!-- flags:  +fix_aspectRatio +fix_principal_point +zero_tangent_dist -->
<flagValue>14</flagValue>
<Camera_Matrix type_id="opencv-matrix">
  <rows>3</rows>
  <cols>3</cols>
  <dt>d</dt>
  <data>
    6.1323012873788218e+02 0. 3.7550000000000000e+02 0.
    6.1323012873788218e+02 2.3950000000000000e+02 0. 0. 1.</data></Camera_Matrix>
<Distortion_Coefficients type_id="opencv-matrix">
  <rows>5</rows>
  <cols>1</cols>
  <dt>d</dt>
  <data>
    -3.6798559252343083e-01 2.0636817712412026e-01 0. 0.
    -8.1941208561762111e-02</data></Distortion_Coefficients>
<Avg_Reprojection_Error>1.2866031581658463e-01</Avg_Reprojection_Error>
<Per_View_Reprojection_Errors type_id="opencv-matrix">
  <rows>20</rows>
  <cols>1</cols>
  <dt>f</dt>
  <data>
    1.47073507e-01 1.10204898e-01 2.24406004e-01 2.17507407e-01
    1.96910366e-01 1.28690511e-01 7.01277927e-02 5.83427437e-02
    8.05965886e-02 6.69836178e-02 1.00947954e-01 1.36636585e-01
    1.05045035e-01 6.11751825e-02 1.19946808e-01 1.59918934e-01
    1.27536729e-01 3.15807015e-02 9.84547958e-02 1.20134994e-01</data></Per_View_Reprojection_Errors>
<!-- a set of 6-tuples (rotation vector + translation vector) for each view -->
<Extrinsic_Parameters type_id="opencv-matrix">
  <rows>20</rows>
  <cols>6</cols>
  <dt>d</dt>
  <data>
    -6.4429833882581544e-01 -1.6215178316103318e-01
    8.7252810173081607e-01 -9.6644448575092028e+01
    -2.7895205904029558e+02 1.0300940540773036e+03
    -5.5390925547644820e-01 1.1980882811610664e-02
    1.5129800487967937e-01 -2.7615360589541496e+02
    -2.9504673478931960e+02 9.5552295550877545e+02
    -5.7953948298893665e-01 -1.2907644069978749e-01
    1.4971547021168243e+00 2.0365689421361583e+02
    -1.6370190651547003e+02 8.1075919722655055e+02
    -3.0256619059804213e-01 -3.4789126867431101e-03
    1.5171778547938188e+00 2.1413101027354239e+02
    -1.9196228998374767e+02 6.3785648535428527e+02
    -2.1551262210775268e-01 -4.4790336928791495e-02
    1.5567770568965047e+00 7.1576606135305198e+01
    -1.2475338500245967e+02 7.6810149215468732e+02
    -5.8579577078532852e-01 -3.8815538039201852e-01
    -1.4610920602343442e+00 -2.3064837763342257e+02
    1.4289395490042330e+02 6.0694071877049635e+02
    -7.1763658427873922e-01 -1.9702074653659762e-01
    -2.0401881095408489e+00 -9.8356070506522158e+01
    2.4033429662600844e+02 7.0895511018436298e+02
    -6.5478113816116834e-01 3.5593962452646908e-03
    -2.7143231053845724e+00 -5.3406413602370598e+01
    2.6581601309793803e+02 8.1811834909664856e+02 5.2046978383351206e-01
    -1.3201777976395776e-01 3.0902875504044474e+00
    -6.0692946659997226e+01 2.6428220024626154e+02
    8.2600808206027250e+02 6.4960510154737616e-01
    -2.3112947581737217e-01 2.7117636250113875e+00
    1.7448538486877473e+02 2.2482945304499410e+02 8.1064976001024547e+02
    4.8283396213765861e-01 -3.5214450781552803e-01
    2.3387780962787503e+00 2.3766120003244041e+02 1.2002227649038049e+02
    7.8264453534749316e+02 4.1988324759065127e-01
    -3.9511017212988248e-01 1.9160537583034483e+00
    3.0670461969227762e+02 -4.0140847034654271e+01
    7.5867215021095080e+02 -8.9632035024619827e-01
    2.6029864378548051e-01 -1.4887053794415022e+00
    -1.8798279470950075e+02 1.9948133382330036e+02
    7.1005425066157545e+02 -7.8937676665006085e-01
    2.4048842272597593e-01 -2.0232717733821861e+00
    2.9552866795250992e+01 2.6521698843310475e+02 8.7187133482873878e+02
    -6.0781457558004959e-01 3.2937726849083004e-01
    1.4540474357726655e-02 -2.7942150982380713e+02
    -2.5197348902564264e+02 8.7440289683877563e+02
    -3.7529906938175467e-01 1.1435918832577632e-01
    1.5438848036658313e+00 2.7602090475769654e+02
    -1.8532165949361755e+02 7.8320232449127332e+02
    -8.8236831690675599e-01 -2.0462308606767179e-01
    -1.3522564742372247e+00 -4.4147349224262132e+02
    1.1272825298536064e+02 7.7427026294618236e+02
    -4.3797327804674374e-01 -1.4857353115412381e-01
    -1.6112956010902315e+00 -1.7974449150475149e+02
    2.6860062245348968e+02 1.2775463145307231e+03
    -4.7126745378665341e-01 -2.1275783722159866e-01
    -1.4796287245036681e+00 -3.8217170247332871e+02
    1.0152191944150375e+02 6.5736906322320237e+02
    -5.6856182254965115e-01 -3.1955955465402980e-01
    -7.4818316149245723e-01 -3.5062689631091308e+02
    -1.3130467630632137e+02 7.4763684026237945e+02</data></Extrinsic_Parameters>
